1	1
2	1
3	2
4	3
5	4
6	3
7	1
8	7
9	6
10	1
11	2
12	4
13	4
14	1
15	2
16	7
17	4
18	2
19	1
20	2
21	5
22	2
23	7
24	4
25	5
26	1
27	3
28	6
29	11
30	2
31	5
32	2
33	14
34	3
35	2
36	1
37	1
38	1
39	2
40	1
41	7
42	2
43	2
44	13
45	6
46	5
47	3
48	1
49	1
50	20
51	3
52	6
53	5
54	1
55	6
56	1
57	9
58	2
59	1
60	2
61	1
62	3
63	5
64	3
65	6
66	6
67	2
68	1
69	1
70	3
71	11
72	8
73	4
74	8
75	5
76	1
77	7
78	4
79	2
80	12
81	4
82	1
83	1
84	3
85	1
86	4
87	2
88	5
89	10
90	5
91	7
92	1
93	3
94	3
95	4
96	6
97	11
98	3
99	1
100	10
101	2
102	4
103	1
104	2
105	1
106	1
107	8
108	3
109	1
110	5
111	5
112	7
113	1
114	16
115	6
116	2
117	4
118	10
119	1
120	2
121	11
122	2
123	2
124	3
125	8
126	4
127	13
128	5
129	3
130	14
131	5
132	13
133	3
134	4
135	13
136	2
137	3
138	1
139	7
140	4
141	14
142	3
143	3
144	3
145	1
146	2
147	3
148	3
149	4
150	11
151	9
152	15
153	3
154	1
155	2
156	10
157	4
158	3
159	7
160	2
161	5
162	4
163	4
164	16
165	1
166	11
167	2
168	1
169	1
170	2
171	5
172	4
173	3
174	2
175	2
176	3
177	1
178	2
179	10
180	1
181	1
182	1
183	1
184	13
185	2
186	17
187	8
188	9
189	1
190	3
191	2
192	1
193	8
194	3
195	4
196	5
197	1
198	1
199	2
200	4
201	4
202	8
203	3
204	3
205	2
206	2
207	1
208	1
209	2
210	7
211	1
212	1
213	2
214	1
215	7
216	2
217	4
218	2
219	3
220	10
221	3
222	1
223	3
224	1
225	4
226	1
227	1
228	5
229	12
230	1
231	1
232	1
233	3
234	3
235	2
236	3
237	5
238	3
239	6
240	7
241	1
242	1
243	3
244	1
245	2
246	9
247	4
248	6
249	6
250	1
251	3
252	2
253	11
254	1
255	5
256	1
257	2
258	1
259	8
260	3
261	1
262	1
263	5
264	7
265	8
266	1
267	5
268	2
269	2
270	7
271	22
272	3
273	6
274	9
275	3
276	8
277	6
278	3
279	4
280	8
281	2
282	1
283	2
284	2
285	1
286	7
287	23
288	2
289	8
290	6
291	8
292	2
293	2
294	2
295	19
296	2
297	1
298	3
299	19
300	3
301	4
302	1
303	3
304	5
305	2
306	2
307	1
308	4
309	1
310	2
311	4
312	5
313	1
314	3
315	1
316	3
317	1
318	3
319	7
320	2
321	2
322	4
323	4
324	3
325	5
326	5
327	2
328	1
329	14
330	2
331	3
332	1
333	14
334	5
335	1
336	2
337	6
338	4
339	1
340	5
341	6
342	7
343	3
344	4
345	5
346	7
347	3
348	1
349	3
350	3
351	1
352	1
353	8
354	18
355	6
356	1
357	1
358	2
359	2
360	3
361	3
362	3
363	3
364	2
365	1
366	6
367	2
368	7
369	3
370	14
371	5
372	8
373	1
374	5
375	4
376	1
377	1
378	3
379	2
380	3
381	2
382	3
383	3
384	4
385	1
386	12
387	8
388	3
389	5
390	4
391	7
392	2
393	5
394	5
395	1
396	3
397	1
398	4
399	1
400	1
401	2
402	6
403	1
404	2
405	3
406	1
407	1
408	14
409	1
410	4
411	1
412	2
413	2
414	1
415	1
416	3
417	4
418	4
419	2
420	2
421	5
422	2
423	5
424	6
425	1
426	14
427	12
428	5
429	1
430	4
431	5
432	10
433	1
434	6
435	3
436	6
437	1
438	3
439	2
440	6
441	1
442	1
443	1
444	1
445	5
446	13
447	5
448	1
449	4
450	3
451	5
452	1
453	8
454	1
455	4
456	1
457	5
458	1
459	5
460	1
461	2
462	5
463	9
464	16
465	8
466	3
467	2
468	1
469	12
470	3
471	9
472	7
473	12
474	1
475	4
476	2
477	1
478	1
479	5
480	3
481	2
482	7
483	5
484	5
485	3
486	1
487	4
488	5
489	5
490	4
491	5
492	5
493	6
494	1
495	2
496	2
497	4
498	4
499	3
500	12
501	5
502	2
503	2
504	2
505	5
506	6
507	2
508	3
509	1
510	10
511	2
512	1
513	1
514	2
515	1
516	1
517	2
518	1
519	2
520	8
521	15
522	2
523	1
524	1
525	2
526	4
527	3
528	3
529	2
530	1
531	2
532	5
533	3
534	7
535	3
536	13
537	2
538	2
539	16
540	1
541	1
542	2
543	1
544	4
545	14
546	2
547	2
548	1
549	3
550	9
551	12
552	3
553	3
554	3
555	1
556	1
557	3
558	1
559	2
560	4
561	5
562	1
563	6
564	2
565	3
566	1
567	1
568	3
569	7
570	1
571	3
572	5
573	4
574	1
575	4
576	6
577	3
578	1
579	1
580	3
581	4
582	5
583	7
584	2
585	1
586	3
587	4
588	1
589	2
590	1
591	3
592	1
593	1
594	1
595	2
596	3
597	1
598	3
599	4
600	2
601	1
602	9
603	1
604	1
605	4
606	1
607	3
608	4
609	2
610	1
611	1
612	3
613	1
614	1
615	1
616	1
617	5
618	1
619	2
620	6
621	9
622	5
623	2
624	1
625	1
626	1
627	1
628	4
629	1
630	1
631	6
632	5
633	1
634	1
635	1
636	1
637	9
638	2
639	1
640	14
641	1
642	2
643	2
644	1
645	6
646	3
647	2
648	1
649	1
650	2
651	4
652	2
653	6
654	10
655	5
656	7
657	1
658	2
659	3
660	8
661	3
662	4
663	1
664	21
665	3
666	1
667	3
668	1
669	2
670	2
671	6
672	3
673	2
674	1
675	1
676	2
677	3
678	1
679	2
680	8
681	1
682	1
683	2
684	1
685	2
686	1
687	4
688	1
689	3
690	3
691	4
692	2
693	1
694	2
695	9
696	1
697	4
698	4
699	3
700	3
701	2
702	2
703	6
704	5
705	5
706	3
707	5
708	1
709	3
710	6
711	1
712	3
713	1
714	4
715	3
716	4
717	2
718	3
719	1
720	1
721	1
722	13
723	4
724	1
725	2
726	2
727	4
728	2
729	1
730	3
731	5
732	1
733	5
734	1
735	4
736	1
737	3
738	3
739	2
740	4
741	1
742	4
743	1
744	1
745	1
746	1
747	1
748	1
749	1
750	6
751	3
752	3
753	1
754	2
755	5
756	1
757	1
758	3
759	5
760	1
761	1
762	12
763	2
764	2
765	2
766	1
767	1
768	4
769	4
770	4
771	1
772	7
773	2
774	1
775	4
776	2
777	2
778	5
779	2
780	1
781	1
782	3
783	1
784	1
785	3
786	3
787	3
788	4
789	2
790	5
791	3
792	1
793	6
794	4
795	1
796	5
797	1
798	3
799	2
800	3
801	3
802	2
803	3
804	3
805	1
806	1
807	1
808	1
809	1
810	2
811	2
812	2
813	2
814	1
815	3
816	1
817	2
818	2
819	3
820	4
821	1
822	2
823	1
824	1
825	3
826	2
827	3
828	2
829	1
830	1
831	2
832	7
833	4
834	3
835	2
836	1
837	1
838	2
839	3
840	2
841	1
842	2
843	2
844	3
845	3
846	1
847	2
848	1
849	1
850	2
851	2
852	6
853	1
854	1
855	3
856	1
857	4
858	2
859	5
860	3
861	1
862	2
863	1
864	4
865	1
866	1
867	1
868	1
869	2
870	4
871	1
872	1
873	1
874	3
875	1
876	1
877	2
878	3
879	2
880	1
881	1
882	8
883	4
884	1
885	1
886	6
887	1
888	6
889	5
890	1
891	2
892	1
893	2
894	1
895	1
896	3
897	5
898	1
899	2
900	2
901	3
902	1
903	2
904	5
905	1
906	1
907	2
908	3
909	4
910	1
911	1
912	2
913	1
914	2
915	1
916	1
917	5
918	2
919	1
920	4
921	2
922	1
923	4
924	1
925	1
926	1
927	1
928	1
929	2
930	2
931	1
932	6
933	1
934	2
935	1
936	1
937	1
938	1
939	2
940	2
941	1
942	1
943	1
944	3
945	1
946	1
947	1
948	3
949	1
950	1
951	1
952	2
953	1
954	1
955	3
956	3
957	2
958	2
959	6
960	2
961	1
962	1
963	3
964	1
965	1
966	2
967	2
968	1
969	1
970	1
971	3
972	1
973	1
974	2
975	1
976	3
977	2
978	4
979	5
980	1
981	2
982	1
983	2
984	2
985	3
986	1
987	1
988	1
989	3
990	2
991	1
992	2
993	2
994	3
995	2
996	2
997	2
998	1
999	1
1000	1
